0.762499988079071
0.6443662236798816
1.0
0.015250039055198315
0.353353675146837
0.959274232508915
0.8816406253527385
0.225284079535949
0.584931435927953
0.4003124716868625
0.584931435927953
0.14918483749274958
1.0
0.2056180187892377
0.11356378759871785
0.8087121537068124
0.8446153943401117
0.8446153943401117
0.353353675146837
0.5286666660646597
0.4246835174420967
0.3307228808679495
0.7400735833046628
0.5016446828793147
0.5564188836323652
0.3307228808679495
1.0
0.3307228808679495
0.5016446828793147
0.8446153943401117
0.8446153943401117
0.6443662236798816
0.5286666660646597
0.4753246397515397
0.4246835174420967
0.3307228808679495
0.6753570879240123
0.5016446828793147
0.2870588681487475
0.7072464474819706
0.8816406253527385
0.4246835174420967
0.37654328234033796
0.4003124716868625
0.0
0.919841274857994
0.5016446828793147
0.225284079535949
0.4246835174420967
0.6753570879240123
0.959274232508915
0.6443662236798816
0.959274232508915
0.5286666660646597
0.4496794463703649
0.6753570879240123
1.0
0.3307228808679495
0.8087121537068124
0.2870588681487475
0.6443662236798816
0.8087121537068124
0.762499988079071
0.6443662236798816
1.0
0.015250039055198315
0.353353675146837
0.959274232508915
0.8816406253527385
0.225284079535949
0.584931435927953
0.4003124716868625
0.584931435927953
0.14918483749274958
1.0
0.2056180187892377
0.11356378759871785
0.8087121537068124
0.8446153943401117
0.8446153943401117
0.353353675146837
0.5286666660646597
0.4246835174420967
0.3307228808679495
0.7400735833046628
0.5016446828793147
0.5564188836323652
0.3307228808679495
1.0
0.3307228808679495
0.5016446828793147
0.8446153943401117
0.8446153943401117
0.6443662236798816
0.5286666660646597
0.4753246397515397
0.4246835174420967
0.3307228808679495
0.6753570879240123
0.5016446828793147
0.2870588681487475
0.7072464474819706
0.8816406253527385
0.4246835174420967
0.37654328234033796
0.4003124716868625
0.0
0.919841274857994
0.5016446828793147
0.225284079535949
0.4246835174420967
0.6753570879240123
0.959274232508915
0.6443662236798816
0.959274232508915
0.5286666660646597
0.4496794463703649
0.6753570879240123
1.0
0.3307228808679495
0.8087121537068124
0.2870588681487475
0.6443662236798816
0.8087121537068124
0.762499988079071
0.6443662236798816
1.0
0.015250039055198315
0.353353675146837
0.959274232508915
0.8816406253527385
0.225284079535949
0.584931435927953
0.4003124716868625
0.584931435927953
0.14918483749274958
1.0
0.2056180187892377
0.11356378759871785
0.8087121537068124
0.8446153943401117
0.8446153943401117
0.353353675146837
0.5286666660646597
0.4246835174420967
0.3307228808679495
0.7400735833046628
0.5016446828793147
0.5564188836323652
0.3307228808679495
1.0
0.3307228808679495
0.5016446828793147
0.8446153943401117
0.8446153943401117
0.6443662236798816
0.5286666660646597
0.4753246397515397
0.4246835174420967
0.3307228808679495
0.6753570879240123
0.5016446828793147
0.2870588681487475
0.7072464474819706
0.8816406253527385
0.4246835174420967
0.37654328234033796
0.4003124716868625
0.0
0.919841274857994
0.5016446828793147
0.225284079535949
0.4246835174420967
0.6753570879240123
0.959274232508915
0.6443662236798816
0.959274232508915
0.5286666660646597
0.4496794463703649
0.6753570879240123
1.0
0.3307228808679495
0.8087121537068124
0.2870588681487475
0.6443662236798816
0.8087121537068124
